15.21
15.16
14.54
14.47
14.25
14.31
14.77
13.43
13.97
14.1
13.89
13.88
13.13
12.68
13.03
13.5
13.56
13.9
12.98
13.1
13.04
12.94
12.16
13.31
12.95
13.32
14.71
15.47
16.15
16.69
16.3
16.22
17.46
17.29
17.87
18.13
17.24
16.13
15.5
16.75
16.26
16.75
16.89
17.82
16.55
16.58
15.49
15.97
16.57
16.32
17.84
18.54
19.62
19.13
18.56
18.77
19.43
18.97
18.77
19.98
20.18
20.22
19.48
19.59
18.54
19
18.95
17.13
16.97
16.59
16.95
17.38
17.84
18.23
18.24
18.25
18.05
18.16
17.3
17.01
16.72
16.21
16.56
16.09
16.75
16.55
16.47
15.57
14.25
14.02
14.2
14.3
13.51
12.84
14.59
15.71
16.37
16.29
17.25
17.46
16.96
16.64
17.43
17.87
18.22
18.82
18.84
17.43
17.61
18.71
18.76
18.26
17.28
16.45
16.57
16.96
16.83
16.47
15.64
15.78
16.24
16.46
16.41
16.3
16.76
17.31
17.9
18.49
19.34
18.5
19.02
18.79
19.28
18.57
18.68
19.02
18.75
17.96
18.07
18.05
18.54
18.17
18.26
18.26
18.12
17.3
16.95
16.52
16.99
16.91
17.12
18.01
18.14
18.23
17.89
17.93
16.62
17.42
16.28
17.69
17.74
17.75
19.46
19.47
19.63
19.28
19.39
19.86
19.84
20.32
20.29
21.33
21.57
22.26
22.25
21.82
20.63
20.63
19.83
19.77
19.2
19.19
19.03
19.39
19.23
19.15
19.89
19.52
19.53
19.84
19.98
19.64
19.61
20.29
20.13
20.07
20.17
20.54
21.47
21.39
21.65
20.52
21.01
21.43
21.47
21.39
20.9
20.52
19.76
20.33
19.73
19.89
19.38
19.21
19.31
18.95
20.2
19.13
19.53
19.37
19.76
19.64
19.94
19.51
20.22
19.9
20.15
19.83
19.11
18.5
18.73
19.14
19.34
19.76
19.84
20.43
21.23
20.94
20.56
21.02
20.91
19.45
19.95
20.06
20.38
21.17
21.63
21.46
22.08
21.2
21.16
21.4
20.56
18.97
19.79
20.46
20.62
20.02
20.84
20.89
20.35
20.31
21.01
21.48
21.51
21.21
21.08
21.39
22.22
22.35
22.2
22.11
22.45
22.29
22.23
22.83
22.79
22.99
23.53
23.46
23.85
24.22
24.25
24.3
24.93
25.82
24.67
24.24
24.43
23.9
23.21
22.99
22.57
22.6
22.97
23.56
23.35
22.4
21.21
20.76
21.57
22
22
21.49
21.57
21.42
21.95
21.72
21.3
21.7
21.76
22.04
21.11
20.07
21.01
20.37
21.55
22.03
22.13
22.37
22.56
22.91
23.54
23.65
23.93
24.06
24.23
23.86
23.9
24.12
22.91
22.93
22.77
21.81
22.27
23.83
24.97
24.7
25.16
24.47
25.17
23.37
22.15
21.75
21.6
21.47
20.45
21.24
22.17
21.44
21.18
20.94
20.86
21.82
20.66
20.44
18.68
17.71
17.99
17.82
17.27
16.99
17.41
17.44
17.77
17.19
17.4
17.6
16.59
16.84
17.17
18.1
16.56
15.53
15.43
15.82
15.83
16.17
15.97
15.76
16.44
15.53
15.38
15
15.13
15.38
15.52
15.43
15.13
15.77
16.15
15.86
16.06
15.66
15.89
15.48
16.1
16.51
16.8
16.86
17.01
16.7
17.05
17.99
17.16
17.63
17.21
16.4
16.09
14.86
14.27
14.13
14.98
14.94
14.82
13.56
12.53
12.79
12.74
12.7
12.79
12.24
11.74
12.04
12.38
13.2
11.46
11.6
11.005
11.25
11.19
11.28
11.16
10.95
11.23
11.8
12.6
13.15
12.745
12.8
12.56
12.46
12.23
12.36
12.22
12.92
13.2
13.155
13.07
12.53
13.12
13
12.58
12.29
12.25
12.76
12.29
11.77
11.93
12.34
12.21
13.19
13.63
13.8
13.14
13.26
12.95
13.005
13.05
13.63
13.61
13.36
13.23
13.1
13.05
13.59
13.28
12.785
13.14
13.44
12.16
12.5
12.68
12.6
12.62
13.33
13.3
13.54
13.73
14
13.03
13.04
12.56
11.47
11.08
11.12
11.18
11.4
11.77
11.39
11.39
11.77
11.36
11.47
11.47
11.91
12.45
13.44
11.57
11.63
11.94
11.18
11.99
11.91
12.8
12.5
12.81
13.07
13.32
12.38
13.17
13.04
14
14.92
16
16.49
16.98
17.03
16.7
16.74
14.38
17.02
18.55
20.31
18.59
16.72
11.85
11.22
11.11
10.5
10.98
11.98
11.14
9.7
9.89
9.87
9.64
9.87
9.04
9.15
9.11
9.65
10.1
10.14
9.54
9.25
9.51
9.82
10.64
12.01
12.63
11.26
10.02
10.31
10.25
10.27
11
11.06
11.57
11.07
12.29
11.945
11.56
12.51
11.33
10.22
9.5
9.39
10.06
10.69
12.19
12.25
14.04
15.66
15.39
13.92
10.25
10.38
10.29
11.65
15.58
15.92
14.31
13.45
16.26
17
14.75
15.97
16.04
18.53
17.85
18.86
19.05
20.6
22.31
23.12
25.45
27.82
28.51
28.33
28.63
29.2
30.09
30.47
29.84
28.79
28.38
28.3
29.1
28.43
27.16
26.84
27.72
26.8
26.9
26.11
27.64
28.8
27.32
27.2
28.4
28.23
27.58
27.53
27.39
27.32
27.95
27.84
27.22
27.32
27.65
29.09
28.68
28.3
28.44
29.67
29.18
29.3
29.04
28.55
28
28.28
27.92
27.48
27.72
26.86
27
27.49
27.725
27.24
27.38
27.29
28.08
28.74
28.95
29.05
28.99
28.68
27.93
28.23
29.29
28.6
28.86
28.77
28.66
29.52
30.59
30.76
30.89
30.96
31.18
30.95
30.56
30.06
30.29
30.92
31.36
30.86
29.41
28.29
28.26
28.62
28.22
27.93
28.05
28.27
27.615
27.355
27.18
27.065
26.26
25.83
25.83
25.265
25.37
26.8
26.97
27.01
27.19
27.44
26.995
27.5
27.99
28.3
28.6
28.64
27.77
29.95
29.94
29.76
29.12
28.44
27.79
27.69
27
26.51
26.31
26.32
25.33
24.45
25.19
25.42
26.53
26.42
25.83
26.1
25.79
25.41
26.1
27.51
27.64
28.78
29.08
28.63
28.36
28.53
29.45
29.84
30.51
30.71
30.74
31.24
31.67
34.59
33.73
32.9
33.08
33.74
33.26
34.22
33.61
33.78
33.03
32.94
32.36
32.79
32.46
32.72
32.19
32.88
32.61
32.15
31.46
31.26
31.82
31.57
32.15
33.21
32.52
32.56
32.68
33.09
31.1
30.58
30.76
30.92
30.38
30.36
29.12
27.2
27.23
28.17
28.41
28.73
29.17
29.5
29.92
31.3
30.96
31.74
32.32
32.16
32.34
32.14
33.99
33.95
33.75
33.91
34.75
34.79
33.95
33.91
34.18
33.77
33.06
33.41
33.99
33.97
33.48
34.37
34.38
34.03
33.75
34.69
34.81
34.02
33.31
33.88
34.06
33.93
33.71
32.99
32.35
31.76
30.9
30.94
30.21
30.21
30.57
31.45
30.96
31.59
31.38
31.43
32.13
31.84
30.92
32.05
31.91
32.22
32.76
33.23
33.72
34.64
35.63
35.69
36.25
35.9
35.49
34.98
35.06
35.47
35.05
36.11
36.21
35.75
36.59
36
36.17
36.76
36.93
36.78
36.11
35.77
36.34
36.29
36.57
34.98
33.66
31.65
32.74
33.97
33.58
32.84
32.1
31.71
31.8
32.04
33.42
32.42
32.95
32.04
30.06
32.48
32.11
31.83
32.04
32.29
29.72
30.78
31.89
32.42
33.54
32.04
32.41
32.46
34.35
34.1
33.84
33.57
36.94
36.69
39.65
40.16
38.42
38.94
38.29
38.1
37.95
36.31
35.59
35.82
36.75
37.82
38.11
37.78
36.86
36.22
36.86
36.97
35.17
35.72
36.33
36.37
35.08
34.66
32.6
32.46
32.37
30.34
32.38
32.16
32.04
32.06
33.57
33.28
31.78
30.91
31.27
31.61
33.55
35.9
36.44
37.92
38.8
38.5
39.61
41.33
41.5
41.04
40.81
41.98
43.6
41.89
41.6
40.79
40.32
39.74
39.48
39.26
40.18
39.43
38.43
38.48
39.67
40.77
40.48
40.4
40.5
40.69
39.52
38.82
38.83
39.19
40.33
39.99
37.79
38.16
37.44
37.09
36.79
37.26
37.92
38.38
38.26
38.41
38.42
37.93
38.14
39.54
38.97
39.69
40.02
38.19
37.45
38.04
37.88
38.13
38.37
37.38
37.28
37.12
36.33
35.96
39.12
39.31
38.09
37.99
37.75
38.36
37.96
38.2
38.26
39.09
39.68
41.35
41.49
42.03
41.51
42.44
42.77
43.08
42.92
43.41
44.16
43.11
43.84
44.19
44.18
44.86
44
43.54
43.3
43.59
44.91
43.56
42.8
42.88
44.28
43.38
43.63
44.06
43.19
42.46
42.6
42.04
41.5
43
42.44
42.86
42.11
42.24
43.36
42.93
43.4
42.37
45.25
45.69
46.68
46.78
46.88
47.76
45.75
46.4
45.87
46.57
45.4
47.46
49.82
50.29
52.14
52.04
51.47
49.78
51.96
50.85
50.9
51.86
51.01
52.31
54.09
55.32
54.62
55.4
55.17
55.28
56.23
56.5
56.07
54.79
54.11
53.57
53.19
53.18
53.48
54.25
54.26
55
53.39
52.98
52.78
51.72
51.58
51.67
51.07
50.87
50.09
48.36
48.6
51.4
51.18
49.76
52.1
53.88
54.32
52.59
52.68
53.07
53.05
54.79
58.29
58.1
58.06
58.34
58.16
57.98
58.47
56.42
53.78
52.08
52.13
52.65
52.67
52.34
52.99
52.03
52.46
52.4
52.85
52.59
52.79
51.92
51.44
51.49
51.06
50.21
50.09
50.47
51.3
51.02
50.88
49.61
49.47
49.93
49
50.49
49.25
49.22
48.42
48.56
48.66
48.65
47.69
47.39
47.68
47.19
45.81
45.74
45.82
45.77
46.37
46.46
47.51
47.45
47.36
47.84
46.82
47.25
47.56
48.61
51.02
51.95
50.98
51.93
51.51
52.03
52.07
52.27
52.7
52.65
52.83
53.03
50.6
51.3
50.56
50.73
50.51
47.73
47.49
47.49
46.85
47.58
47.7
47.06
46.29
45.42
44.38
45.31
46
46.19
47
46.29
45.86
43.6
43.84
44.31
43.92
45.31
44.74
44.32
44.56
44.95
45.25
42.92
43.97
45.41
45.71
45.55
46.03
48.41
48.52
48.81
48.35
48.55
49.4
50
50.58
50.8
50.55
50.45
51.06
50.44
50.49
50
51.01
50.61
51.28
51.91
52.34
52.61
53.15
53.87
54.22
53.81
53.8
51.61
52.66
53.03
52.05
51.26
50.39
50.32
49.62
49.25
48.5
48.78
48.63
48.97
48.43
48.03
49.66
48.79
49.11
49.39
49.45
49.48
50.27
51.43
50.86
49.74
49.74
49.52
49.05
48.41
47.96
48.74
48.02
46.77
46.66
46.21
45.22
44.65
44.92
46.94
46.68
45.83
46.54
47.3
47.08
44.94
44.51
43.91
43.92
43.87
42.08
42.62
43.98
46.4
46.61
46.44
45.15
45.22
44.4
43.81
44.23
43.35
43.96
43.93
42.32
41.81
41.72
41.31
40.9
42.45
42.3
42.54
41.96
42.6
41.74
41.73
41.41
40.35
40.42
41.7
41.72
42.13
42.09
41.21
42.37
43.9
43.33
44.89
44.84
45.31
46.82
45.72
47.09
46.36
46.32
46.28
46.1
46.32
46.81
46.91
46.97
47.54
46.57
47.41
46.45
46.3
45.06
45.17
45.3
44.2
44.01
44.05
44.25
44.9
46.95
49.59
47.91
47.54
46.94
48
47.26
47.64
46.75
47.65
48.1
48.64
48.48
47.08
46.21
45.89
46.7
46.3
46.69
47.25
47.67
48.61
48.48
48.69
49.47
49.22
48.58
47.63
48.3
47.92
47.84
47.59
49.64
48.05
48.65
46.43
45.72
46.1
45.75
46.44
46.89
46.5
46.82
46.34
46.08
46.08
46.26
45.83
44.45
44.76
43.4
42.93
42.3
42.41
41.7
41.49
39.74
39.38
39.71
39.8
40.6
40.06
39.91
39.32
39.69
39.83
39.9
40.59
40.63
39.35
38.58
38.65
39.24
37.38
38.2
38.89
37.73
38.17
37.87
37.63
37.7
36.61
35.82
35.84
36
34.93
35.55
35.25
34.67
35.15
35.44
35.49
36.41
36.39
37.37
38.34
38.49
39.35
38.75
36.96
36.53
36.24
36.3
37.05
36.17
36.23
36.72
36.65
36.4
36
36.49
36.67
36.6
36.75
35.87
34.92
34.96
34.18
34.59
34.35
34.44
33.58
33.48
33.51
35.6
35.5
36.34
36.2
36.55
35.8
36.36
34.96
35.92
36.01
36.03
35.89
35.88
34.45
34.66
31.16
30.04
29.4
28.35
28.93
29.33
28.31
27.7
26.77
25.27
27.05
30.33
29.89
30.02
29.71
29.34
29.14
30.49
30.36
31.8
33.14
33.4
32.51
32.36
31.26
30.81
31.67
31.95
31.91
31.65
31.51
32.17
32.15
31.73
32.01
32.15
32.61
32.64
32.12
31.51
31.33
32.86
33.77
32.94
33.03
32.805
33.21
34.58
34.43
34.69
35.97
36.71
36.92
37
38.21
40.01
41.26
41.34
40.92
40.91
41.17
39.94
39.19
38.73
38.5
38.36
38.9
38.93
39.37
39.52
41.01
41.38
41.35
40.91
40.5
41.92
42.76
43.47
43.44
42.1
42.31
42.11
42.59
42.47
41.63
41.65
40.77
42.13
41.63
41.88
41.59
41.83
41
40.87
41.36
40.66
40.38
40.84
39.76
39.54
39.34
38.61
37.82
36.49
37.12
36.19
35.55
36.75
38.21
37.51
37.03
39.38
38.99
38.14
39.69
39.64
38.88
40.16
39.79
39.06
38.86
38.76
40.55
40.1
42
41.08
40.37
40.45
41.23
40.52
40.91
42.35
42.8
43.5
43.23
43.81
43.29
42.895
42.4
41.09
42.46
43.2
42.595
41.77
42.09
44.09
43.65
44.55
45.78
44.97
43.27
43.82
43.26
41.26
41.69
41.31
41.23
42.3
42.2
42.3
41.75
42.3
42.83
43.45
43.9
44.39
44.49
44.65
45.34
45.6
45.63
46.5
46.47
46.22
45.86
45.86
46.46
46.47
45.67
45.99
44.31
44.79
44.45
43.71
44.46
43.8
43.41
43.84
42.42
39.74
39.31
38.13
40.19
38.63
39.2
38.83
39.18
39.08
40.24
40.25
41.24
41.19
43.23
43.49
43.99
43.06
42.64
42.29
42.15
41.21
41
40.8
40.6
40.89
41.51
39.2
38.98
38.62
39.03
38.85
37.5
37.62
39.75
41.98
43.53
43.63
43.95
42.88
42.67
42.52
42.7
41.68
41.49
42.18
42.96
42.74
41.71
40.1
40.27
40.73
41.17
40.14
39.63
42.61
41.43
40.9
40.55
41.4
41.39
41.54
42.06
42.42
41.21
39.67
39.31
40.675
39.73
39.03
38.8
39.935
39.75
41.44
42.24
42.24
42.725
43.03
41.56
39.975
39.88
39.48
40.07
40.705
40.02
40.43
40.325
39.86
41.72
42.17
43.13
43.775
44.18
42.37
41.97
42.24
41.555
42.61
42.47
43.06
47.85
49
48.665
48.815
48.49
48.85
49.645
49.04
49.06
47.045
47.005
48.95
49.39
48.285
48.88
51.19
51.87
52.705
51.45
51.4
51.36
49.76
48.19
48.24
47.75
47.42
47.79
47.73
47.84
48.74
47.495
48.08
49.175
50.44
52.78
53.64
52.66
51.265
52.01
53.93
54.395
55.76
55.19
54.13
53.69
50.22
49.22
48.68
47.39
46.735
47.92
47.995
48.395
48.95
48.77
48.31
47.9
49.35
49.73
51.52
51.31
51.02
49.78
49.31
48.01
48.39
47.88
47.59
48.05
46.53
48.145
48.81
49.46
47.5
48.72
49.08
52.24
50.62
52.695
55.45
55.69
55.59
53.67
52.75
49.81
49.41
49.41
50.4
49.58
52.02
53.66
53.01
53.04
53.875
53.91
53.63
53.42
52.85
51.955
51.43
50.21
50.84
50.71
50.14
48.8
47.96
50.84
49.97
50.53
48.94
48.31
50.82
51.01
49.65
48.24
47.86
47.88
48.53
44.97
44.15
43.21
43.31
44.16
44.1
45.05
43.69
44.01
44.12
43.43
43.44
43.83
43.2
43.14
42.25
42.7
42
41.35
40.3
39.94
40.24
39.91
39.82
38.48
37.04
37.85
35.22
33.38
32.97
31.69
31.51
28.58
30.78
31.98
33
34.09
34.93
36.23
33.93
34.39
35.48
35.03
35.93
35.21
36.12
35.33
35.58
36.63
38.05
37.46
37.98
37.07
37.65
38.09
38.58
37.96
38.23
37.85
38.47
39.14
40.5
38.881
39.17
38.99
39.09
39.42
39.85
39.51
40.6
40.43
40.66
39.19
39.57
38.12
37.52
37.97
37.18
36.86
37.46
37.18
38.14
39.43
38.85
39.55
39.53
40.29
41.68
42.16
43.33
42.38
42.48
42.9199
41.6999
43.48
43.7
42.98
42.88
42.82
41.985
40.26
40.1
41.62
41.95
43.86
42.96
44
44.55
43.91
43.179
44.36
44.55
43.06
42.66
41.87
41.06
40.38
40.2
42.29
43.66
43.59
43.88
42.41
42.82
41.44
41.22
40.16
39.82
39.8
39.35
39.11
38.72
38.32
38.24
38.57
38.525
38.19
38.84
39.31
39.39
38.26
38.25
37.22
36.67
36.6
36.49
36.39
35.07
35.51
35.16
36
37.26
37.09
36.16
35.67
35.4
35.51
33.72
33.37
33.6799
35.29
36.9
35.98
35.78
36.56
37.34
37.71
37.94
36.6
35.39
35.77
36.7
37.9
36.8
36.11
36.56
37.08
37.35
37.7
36.34
36.74
37.5599
38.08
38.96
39.02
38.81
37.86
37.34
36.1
36.93
36.56
36.75
37
36.65
36.17
35.66
34.59
34.31
34.41
35.025
34.69
35.13
35.58
35.67
34.66
33.8
34.05
33.96
33.55
33.8
32.98
31.96
30.18
30.4
31.35
31.2
30.66
30.02
29.34
28.84
28.87
28.65
29.35
29.42
27.63
26.905
27.03
26.54
25.36
25.25
24.78
24.94
26.13
26.25
26.18
26.33
26.12
26.23
26.1
26.61
26.23
25.45
25.99
24.88
