256.72
254.08
252.72
253.67
264.51
267.66
268.4
266.21
262.85
259.58
256.83
260.26
256.48
264.89
267.7
258.86
253.13
253.74
247.65
244.97
251.76
244.49
242.26
252.99
264.79
270.41
272.5
268.75
270.02
274.58
272.42
271.87
273.24
265.9
262.52
259.62
260.65
252.56
253.14
254.08
266.82
261.5
261.12
255.35
260.55
269.5
264.58
274.73
277.35
289.98
281.78
284.47
277.52
289.63
283.22
270.22
280.72
274.03
280.81
286.36
285.3
280.52
279.83
287.62
282.06
285.26
296.97
301.37
299.5
310.88
314.97
309.42
308.31
313.86
315.41
310.7
303.68
304.1
299.49
304.06
299.16
300.43
295.22
294.39
287.15
276.44
280.07
285.59
288.5
275.85
278.91
289.86
295.92
300.19
294.95
298.79
297.31
294.59
280.27
287.72
287.93
290.73
299.5
300.47
295.00
295.04
302.38
311.21
304.56
300.95
305.94
301.25
313.46
308.76
310.98
308.26
299.84
296.71
288.49
296.37
296.03
301.6
303.33
302.65
310.2
304.8
318.27
314.98
314.27
314.04
313.88
316.38
329.01
334.75
336.32
339.32
341.95
341.25
342.45
334.69
333.2
327.29
319.91
323.8
324.9
334.65
328.34
339.4
342.54
333.1
334.97
334.92
326.19
323.01
329.49
330.08
330.59
336.63
329.68
337.91
337.68
339.83
343.11
341.27
339.12
339.51
336.07
336.72
332.43
330.8
335.95
336.99
336.06
336.44
334.00
333.13
329.37
331.62
324.35
323.17
310.11
308.13
309.16
310.76
307.41
308.23
307.29
304.21
302.75
296.31
292.88
294.23
294.85
294.85
293.11
288.76
283.11
289.1
281.92
284.00
283.52
294.17
299.35
299.56
298.58
294.8
294.3
299.87
305.22
304.82
299.79
296.99
295.71
297.25
300.21
300.18
301.14
301.15
301.83
301.88
303.59
299.72
299.09
302.01
302.62
304.65
304.36
296.77
290.73
293.08
294.6
292.85
289.81
286.95
286.44
288.33
289.46
289.52
286.51
287.12
284.82
284.91
286.5
286.22
286.54
289.05
289.67
286.14
281.4
279.32
277.01
280.75
281.03
282.51
280.98
277.32
277.94
277.42
279.93
277.66
277.65
271.6
270.9
271.4
268.72
265.02
266.69
265.275
265.51
262.63
259.43
260.9
257.38
258.36
259.89
257.89
257.24
253.59
252.57
253.81
250.79
245.71
247.3
247.4
249.68
249.31
251.49
251.72
250.78
245.17
246.48
243.12
243.08
245.18
248.15
243.03
239.00
246.23
247.18
252.46
249.73
246.47
247.79
251.86
252.18
252.51
254.56
261.97
261.55
261.15
257.17
260.58
258.26
258.74
260.74
259.5
255.59
258.49
255.91
255.85
253.25
249.9
247.86
249.07
242.35
235.77
231.85
235.24
236.48
232.34
235.46
237.58
235.99
230.35
230.72
237.04
237.71
234.81
235.75
237.13
232.42
233.78
227.39
231.6
226.73
227.56
233.87
236.94
232.38
228.99
234.55
233.27
234.51
240.97
243.79
244.2
243.7
244.99
244.49
242.82
243.77
242.47
242.2
242.01
243.00
239.51
239.65
231.96
238.93
232.9
232.33
229.53
225.95
224.97
224.34
216.44
212.65
213.02
216.34
214.93
217.49
219.62
218.29
212.25
217.9
217.69
222.42
221.68
224.15
224.96
222.75
221.02
223.94
222.59
218.59
219.42
219.28
214.13
214.2
213.26
210.52
211.8
216.01
214.29
214.36
214.24
215.37
216.21
214.07
215.23
213.87
213.86
210.11
210.39
212.42
211.08
214.46
217.23
216.51
215.44
216.55
211.01
218.39
223.72
223.29
216.39
206.43
202.33
202.47
204.72
202.68
213.25
210.08
216.23
214.89
214.8
214.65
214.22
219.66
219.66
220.86
222.86
221.4
215.81
210.58
209.83
205.91
210.38
206.19
212.46
210.33
207.26
209.44
207.82
203.19
200.59
207.42
202.54
200.39
202.91
205.05
208.78
205.41
204.03
205.37
211.29
202.66
214.25
217.3
231.65
227.27
225.53
228.91
226.58
221.15
216.47
213.69
213.02
214.58
209.7
211.49
210.28
208.9
208.7
209.19
203.38
208.25
212.48
216.35
212.94
213.29
216.54
205.01
203.9
204.06
202.02
203.85
201.3
202.54
211.75
208.75
211.6
202.88
203.92
208.04
208.35
207.07
213.67
214.32
212.83
208.25
210.7
206.26
204.7
203.51
198.44
196.33
200.34
197.84
201.91
200.57
195.15
196.32
194.24
193.57
188.94
187.74
186.27
196.84
189.8
188.36
187.2
182.92
185.36
184.91
182.83
183.25
181.4
181.81
181.57
183.51
183.43
185.66
183.63
184.91
183.16
180.53
179.75
182.51
186.74
184.68
183.6
182.54
180.76
178.84
174.57
179.21
177.43
169.81
174.05
174.55
171.42
173.52
167.82
175.06
178.6
177.04
171.88
173.7
165.51
165.14
165.13
163.49
165.27
153.83
155.26
152.11
157.71
160.23
149.7
156.11
146.92
148.34
135.98
137.35
142.71
140.4
146.57
135.42
158.83
139.06
153.63
160.92
150.62
161.57
166.27
170.55
164.51
172.79
162.01
158.18
170.17
168.07
170.89
178.59
184.42
187.28
187.23
185.35
183.71
184.71
184.44
188.7
183.89
183.63
179.9
180.12
174.38
170.23
172.78
168.04
165.46
162.28
165.04
166.72
165.7
166.5
167.1
166.17
163.18
162.13
163.28
161.34
162.09
160.09
157.58
159.03
158.62
160.62
157.7
157.59
158.96
158.67
157.38
157.41
157.41
155.71
154.37
154.69
155.53
154.53
153.24
151.7
151.13
151.36
151.75
149.93
149.85
149.31
149.55
151.38
152.32
152.03
151.23
149.59
149.48
149.62
150.39
150.34
149.97
148.06
147.31
147.07
146.11
145.96
144.26
144.06
144.46
144.55
143.72
143.37
144.61
142.83
144.19
140.73
139.94
137.24
136.37
138.43
137.41
139.69
140.41
141.575
139.55
139.68
139.1
138.24
135.67
137.12
138.12
136.28
134.65
137.07
139.03
137.73
139.54
139.36
137.38
139.14
139.44
141.07
138.52
137.39
136.33
137.32
137.52
136.12
136.08
137.52
139.1
140.05
137.63
136.04
137.86
138.12
135.56
135.74
135.45
133.39
137.78
138.79
137.26
138.41
136.13
133.68
133.98
138.6
135.79
137.71
138.89
135.28
134.69
132.21
136.9
138.06
136.27
140.35
141.03
141.34
140.19
140.72
139.29
138.43
136.62
136.42
136.27
137.08
138.9
138.9
138.4
137.85
136.46
136.96
137.06
137.46
136.58
135.68
133.96
134.15
133.93
133.43
137.78
136.97
136.95
135.69
135.16
132.85
132.45
132.32
131.49
132.1
132.6
131.4
127.82
125.83
123.16
119.84
123.68
125.73
124.94
126.16
126.24
126.18
127.67
126.9
126.22
128.07
128.93
126.02
124.73
123.35
127.13
125.5
125.51
125.52
128.15
128.9
126.21
127.88
130.6
129.77
129.89
129.15
125.01
125.44
123.76
123.37
121.77
120.77
121.05
120.95
120.33
120.19
119.28
119.93
119.89
119.36
119.97
119.19
119.02
117.94
116.93
116.77
117.91
117.66
117.05
120.22
117.52
117.65
117.57
115.91
114.59
114.5
113.62
112.83
110.51
110.39
111.75
111.7
112.26
112.53
112.03
112.17
112.36
111.59
110.97
109.41
107.15
108.17
108.22
106.9
106.81
106.89
105.25
105.67
105.27
106.03
107.22
105.74
102.78
104.43
106.38
102.94
105.08
107.17
106.2
106.71
105.68
107.71
106.12
105.38
105.01
102.05
102.8
103.6
104.27
102.8
102.06
101.93
97.4
101.12
101.57
100.39
101.18
100.56
94.13
98.23
101.51
103.69
103.97
102.89
106.03
109.45
109.08
108.59
107.59
104.82
109.19
108.52
112.09
110.89
110.19
111.12
107.14
106.47
103.07
103.11
101.71
104.62
108.29
107.28
104.97
106.94
106.87
109.57
111.75
111.96
107.72
107.51
106.16
105.92
106.81
103.73
103.85
106.96
108.3
102.32
108.1
109.63
108.66
108.5
110.71
111.00
107.6
109.57
105.91
106.16
112.26
110.85
112.13
112.79
115.17
115.15
115.61
114.37
114.41
113.98
114.45
114.67
114.26
113.57
111.7
113.21
112.14
113.37
112.91
111.71
111.24
109.38
108.21
108.74
108.49
111.71
112.33
111.95
112.02
110.26
109.6
108.4
107.56
107.06
105.98
106.87
107.58
107.64
107.66
109.56
108.21
109.00
109.67
109.49
108.88
108.13
108.04
107.57
106.28
106.08
105.37
107.68
109.62
110.83
107.66
107.97
106.27
104.4
105.12
105.95
104.91
105.43
104.19
101.98
102.12
101.85
101.16
99.76
99.05
100.01
98.61
98.63
97.54
99.08
98.39
100.41
101.14
101.87
100.86
100.86
100.13
101.42
100.85
101.31
101.05
101.63
100.88
102.49
102.19
101.67
100.79
98.84
98.95
98.01
98.36
98.31
98.66
97.5
97.6
96.36
96.18
97.15
97.32
98.03
97.7
97.91
96.94
95.81
96.22
95.16
94.07
93.51
95.00
93.52
95.82
94.26
92.31
93.12
95.35
95.00
96.11
96.44
96.07
94.17
93.08
93.58
91.86
92.88
90.77
90.23
92.38
92.33
89.71
88.52
91.27
89.39
89.47
93.78
87.18
89.79
92.48
93.13
92.89
94.6
94.18
93.85
94.41
96.77
96.54
94.43
93.86
93.32
93.64
93.05
92.85
93.77
94.2
95.42
94.06
91.73
91.49
92.72
92.00
92.66
90.81
89.83
89.13
88.18
85.01
89.61
91.33
88.00
91.78
94.26
95.01
92.74
93.92
94.06
92.33
91.82
91.9
91.61
90.00
90.1
90.14
88.35
89.6
88.08
87.82
88.22
88.28
88.19
87.11
86.35
85.95
85.54
85.72
85.71
85.4
85.51
85.5
85.52
85.83
86.38
86.85
84.69
85.35
85.58
85.23
84.16
82.49
82.78
81.59
81.08
84.26
84.17
83.34
84.88
83.87
83.26
83.11
83.72
82.53
82.4
83.2
82.98
84.05
83.93
83.87
84.09
84.56
84.27
84.47
84.14
84.05
83.18
83.18
83.89
83.81
78.76
78.63
78.86
78.83
78.81
77.91
77.61
77.59
77.65
77.49
77.12
76.42
76.29
76.29
76.00
75.97
74.69
74.26
74.61
74.49
73.87
73.85
73.26
73.26
74.41
74.21
74.94
75.44
75.16
75.31
74.77
75.21
74.68
74.76
73.98
74.34
73.4
73.61
73.94
74.77
74.01
73.05
72.83
72.82
72.69
72.72
73.16
72.15
72.49
72.4
73.65
73.22
73.59
72.5
71.41
72.47
72.79
72.4
72.68
72.15
72.26
72.58
72.7
73.04
73.16
74.05
74.19
73.6
73.79
74.22
73.86
73.3
73.35
72.78
71.77
71.15
69.99
69.98
69.46
68.57
69.08
68.17
68.93
68.49
69.8
69.21
70.53
71.21
70.26
70.27
69.91
70.87
70.00
69.9
70.27
70.65
69.78
70.32
71.95
72.39
72.52
72.28
71.76
70.1
69.84
70.41
69.96
69.62
68.77
68.68
68.45
67.69
67.71
67.48
69.41
68.43
68.38
68.46
69.31
69.04
68.94
69.00
68.81
69.08
69.3
69.41
68.46
68.27
67.83
67.92
67.53
66.4
65.5
65.04
65.39
65.48
64.95
65.23
65.48
65.53
65.68
65.73
65.56
65.73
65.55
65.86
65.71
65.47
65.29
65.1
64.98
64.87
65.03
64.21
64.93
64.87
64.64
64.75
64.41
64.71
64.93
64.73
64.99
64.4
64.27
64.25
64.01
64.94
63.98
64.23
64.62
64.62
64.36
64.49
64.62
64.52
64.53
64.57
64.72
64.00
64.06
63.34
63.43
63.64
63.68
63.17
63.58
64.65
65.13
65.78
64.27
63.68
63.52
62.96
62.74
62.3
62.5
62.53
62.7
62.61
63.19
62.62
62.64
62.84
62.3
62.3
62.58
62.14
62.9
62.99
63.28
63.24
63.55
63.54
63.54
63.62
62.3
62.58
62.68
62.98
62.17
61.97
61.01
61.37
59.95
60.22
59.25
59.2
60.26
61.09
60.61
60.53
60.4
61.12
60.86
60.35
60.64
59.65
58.87
58.12
59.02
58.7
60.17
60.47
60.42
58.71
59.21
59.43
59.8
59.92
59.87
60.1
60.63
60.99
61.00
59.66
57.25
57.53
57.66
57.22
57.42
56.92
57.11
57.19
58.04
57.8
57.74
57.64
57.24
57.42
57.6
57.4
58.03
57.95
56.9
57.43
57.82
57.76
56.81
56.93
57.25
57.19
56.26
56.53
57.05
56.21
57.43
57.66
57.61
57.67
57.59
57.46
57.89
58.1
58.03
58.17
57.95
57.89
57.67
57.62
57.6
57.56
57.44
58.12
57.94
58.3
58.02
58.2
58.06
57.96
57.39
56.97
56.58
56.58
56.68
56.21
56.19
56.76
56.73
56.57
55.8
55.91
53.09
53.96
53.7
53.74
53.51
53.21
52.59
52.3
51.38
51.38
51.17
51.16
51.17
50.54
49.44
48.43
49.83
51.91
50.99
51.19
50.07
50.13
50.39
49.69
49.83
50.14
51.48
51.62
52.04
52.1
52.13
51.79
52.48
52.85
53.00
52.32
51.89
52.12
51.59
50.03
50.62
50.32
50.81
50.51
51.83
51.08
51.51
51.05
51.02
50.07
50.39
49.94
49.87
49.78
50.61
49.87
49.9
50.94
51.44
52.11
51.78
55.78
55.59
56.39
56.46
55.65
55.36
55.35
54.65
54.31
54.42
54.46
55.12
54.56
55.43
55.57
55.23
55.05
54.71
53.54
54.21
53.97
54.07
53.86
53.49
54.66
54.35
53.59
53.17
53.07
52.05
52.84
51.65
51.03
52.03
52.35
52.95
52.58
50.88
51.3
52.1
51.36
51.18
52.65
51.82
52.19
52.42
51.09
50.5
49.69
49.71
49.28
49.41
50.16
52.00
52.16
53.00
54.71
55.09
52.055
51.22
52.17
51.79
52.29
50.48
50.79
50.56
50.99
53.11
51.64
52.78
52.3
52.33
52.17
54.05
55.05
54.8
55.48
56.31
56.55
55.95
55.67
55.82
55.35
54.83
54.13
55.7
56.13
55.2
55.14
54.06
55.27
54.98
55.79
55.81
55.91
54.2
55.21
55.22
54.35
53.93
53.69
54.25
54.19
54.19
53.94
53.85
52.97
53.765
52.84
53.32
53.65
53.51
54.16
54.92
54.38
54.4
54.15
53.24
52.64
53.36
53.98
53.69
54.25
52.87
48.03
47.2
47.77
47.62
47.51
47.01
46.68
46.89
47.00
47.11
47.45
46.8
46.75
46.63
45.57
44.61
44.26
43.44
43.29
43.94
43.91
43.87
43.9
44.11
43.48
44.25
44.3
43.98
43.04
43.48
43.29
43.07
43.89
42.61
43.5
43.36
41.82
43.52
43.93
43.9
42.71
40.47
41.68
43.07
45.66
46.61
47.27
47.32
47.00
46.73
46.74
46.41
47.33
46.74
46.62
47.58
47.54
46.81
46.7
46.88
46.29
45.34
45.35
45.94
46.11
45.54
47.28
46.92
46.62
46.66
45.76
45.62
45.54
44.61
44.52
44.24
44.3
44.39
44.4
44.445
44.15
44.37
45.26
45.65
45.635
45.91
46.23
46.1
46.72
45.97
45.83
45.475
45.97
46.44
46.61
45.65
45.73
46.14
46.36
46.85
46.92
47.23
46.86
47.45
47.61
46.59
46.9
47.42
47.58
47.58
48.01
48.295
48.72
47.625
47.35
47.37
47.75
46.7
46.28
47.6
48.24
48.655
48.64
49.06
49.155
48.03
47.87
43.34
42.985
42.635
42.905
41.615
42.16
42.255
41.65
41.76
41.72
41.48
41.42
41.53
41.545
40.29
40.72
40.655
40.96
40.97
41.21
41.46
42.9
42.855
42.88
42.285
42.5
41.695
41.56
41.38
41.02
41.98
42.03
42.85
42.36
43.11
43.055
43.28
43.88
43.85
44.055
43.99
44.09
44.15
43.855
43.5
43.53
43.58
43.87
43.09
42.38
42.6
42.36
42.41
42.45
41.84
41.6
41.28
40.4
42.01
41.19
42.66
47.01
47.18
47.13
45.92
46.39
46.24
45.48
45.955
46.355
46.6
47.19
47.59
46.23
45.65
46.325
46.76
46.45
47.02
47.45
47.88
48.14
48.45
47.98
47.66
47.52
45.74
45.16
46.67
46.95
47.17
46.9
47.59
47.695
48.42
48.84
48.08
48.46
48.62
47.81
47.75
47.47
47.59
47.98
48.7
48.22
48.74
49.46
49.58
49.61
48.78
48.87
48.89
48.68
48.7
47.86
47.57
47.44
46.95
46.05
46.62
46.49
45.91
46.13
45.02
44.38
44.88
44.08
43.63
42.74
43.22
43.73
43.65
44.03
45.85
46.78
45.53
46.09
46.09
45.76
45.9
46.36
46.44
46.41
46.04
47.08
46.56
47.06
47.52
46.68
46.52
46.76
46.24
46.695
47.00
46.84
46.76
46.47
45.91
45.26
44.96
45.09
45.43
44.88
44.87
45.005
45.17
45.15
45.22
44.95
45.33
45.11
44.79
44.27
44.08
43.52
43.2
43.2
43.23
42.74
43.08
43.37
42.86
43.16
43.5785
43.885
43.97
44.5
44.4
44.87
44.83
44.835
44.69
44.53
44.08
42.45
42.14
42.09
41.685
41.67
41.78
41.99
41.8
41.9
41.87
41.7
42.25
41.72
42.03
41.745
41.99
41.68
41.51
41.65
41.68
41.5
41.23
40.58
40.86
41.11
41.27
41.48
41.21
40.32
40.29
40.79
40.94
40.34
40.01
40.19
40.12
40.1
40.35
39.68
39.75
39.83
39.6
40.24
40.42
39.97
39.54
39.64
39.425
39.06
39.43
39.69
40.00
40.4
40.51
40.87
39.91
39.86
39.69
39.99
39.94
40.01
40.4
39.75
39.18
39.209
39.36
40.47
39.82
39.8
39.87
41.01
41.35
41.42
40.99
40.3
39.36
39.79
40.34
40.5
40.16
40.33
39.27
39.55
38.05
37.7
37.89
38.27
38.02
37.82
37.9
38.15
38.11
38.41
37.78
38.31
37.86
37.47
37.54
37.69
37.98
37.75
37.51
37.42
37.62
37.61
37.47
37.175
36.8
36.56
36.18
35.82
36.35
36.48
37.84
36.86
36.66
36.27
36.03
36.805
36.055
35.93
36.17
36.38
36.89
36.76
35.78
34.98
36.04
35.53
35.76
36.41
36.13
36.91
37.16
37.41
37.29
37.29
37.44
37.08
36.62
36.8
36.25
36.58
36.52
36.885
36.69
37.22
37.61
38.11
38.705
38.36
38.00
